0.0909091 -7.88558
0.181818 -8.36824
0.272727 -8.84507
0.363636 -9.31315
0.454545 -9.76957
0.545455 -10.2114
0.636364 -10.6358
0.727273 -11.0397
0.818182 -11.4204
0.909091 -11.7748
1 -12.1
1.09091 -12.3931
1.18182 -12.6507
1.27273 -12.8692
1.36364 -13.0454
1.45455 -13.1756
1.54545 -13.2566
1.63636 -13.2847
1.72727 -13.2565
1.81818 -13.1687
1.90909 -13.0177
2.09091 -12.5148
2.18182 -12.1713
2.27273 -11.7813
2.36364 -11.3565
2.45455 -10.9088
2.54545 -10.4499
2.63636 -9.99162
2.72727 -9.5457
2.81818 -9.12393
2.90909 -8.73811
3 -8.4
3.09091 -8.11869
3.18182 -7.89243
3.27273 -7.71678
3.36364 -7.58729
3.45455 -7.49952
3.54545 -7.44902
3.63636 -7.43134
3.72727 -7.44205
3.81818 -7.47669
3.90909 -7.53082
4.09091 -7.67964
4.18182 -7.76461
4.27273 -7.84964
4.36364 -7.92946
4.45455 -7.99882
4.54545 -8.05243
4.63636 -8.08503
4.72727 -8.09136
4.81818 -8.06614
4.90909 -8.00411
5 -7.9
5.09091 -7.75089
5.18182 -7.56327
5.27273 -7.34598
5.36364 -7.10785
5.45455 -6.85773
5.54545 -6.60444
5.63636 -6.35684
5.72727 -6.12376
5.81818 -5.91403
5.90909 -5.7365
6.09091 -5.51139
6.18182 -5.46962
6.27273 -5.47164
6.36364 -5.51442
6.45455 -5.59492
6.54545 -5.71011
6.63636 -5.85694
6.72727 -6.03238
6.81818 -6.2334
6.90909 -6.45695
7 -6.7
7.09091 -6.95922
7.18182 -7.23009
7.27273 -7.50782
7.36364 -7.78759
7.45455 -8.06462
7.54545 -8.33409
7.63636 -8.5912
7.72727 -8.83115
7.81818 -9.04914
7.90909 -9.24036
8.09091 -9.5238
8.18182 -9.60958
8.27273 -9.6557
8.36364 -9.66052
8.45455 -9.6224
8.54545 -9.5397
8.63636 -9.41078
8.72727 -9.23399
8.81818 -9.00769
8.90909 -8.73024
9 -8.4
9.09091 -8.0187
9.18182 -7.60155
9.27273 -7.16713
9.36364 -6.73403
9.45455 -6.32082
9.54545 -5.94609
9.63636 -5.62842
9.72727 -5.3864
9.81818 -5.2386
9.90909 -5.2036
10.0909 -5.541
10.1818 -5.91834
10.2727 -6.41838
10.3636 -7.02749
10.4545 -7.73204
10.5455 -8.51839
10.6364 -9.37291
10.7273 -10.282
10.8182 -11.2319
10.9091 -12.2091
11 -13.2
