0.0909091 -17.4195
0.181818 -17.4375
0.272727 -17.4527
0.363636 -17.4636
0.454545 -17.4687
0.545455 -17.4668
0.636364 -17.4563
0.727273 -17.4358
0.818182 -17.4038
0.909091 -17.3591
1 -17.3
1.09091 -17.2268
1.18182 -17.146
1.27273 -17.0655
1.36364 -16.9935
1.45455 -16.9379
1.54545 -16.9068
1.63636 -16.9082
1.72727 -16.9502
1.81818 -17.0408
1.90909 -17.1881
2.09091 -17.6814
2.18182 -18.0237
2.27273 -18.4151
2.36364 -18.8439
2.45455 -19.2982
2.54545 -19.7663
2.63636 -20.2363
2.72727 -20.6965
2.81818 -21.135
2.90909 -21.5401
3 -21.9
3.09091 -22.2052
3.18182 -22.4561
3.27273 -22.6552
3.36364 -22.8051
3.45455 -22.9086
3.54545 -22.9682
3.63636 -22.9865
3.72727 -22.9662
3.81818 -22.9099
3.90909 -22.8203
4.09091 -22.5522
4.18182 -22.3825
4.27273 -22.1972
4.36364 -22.0025
4.45455 -21.8046
4.54545 -21.6099
4.63636 -21.4244
4.72727 -21.2544
4.81818 -21.1062
4.90909 -20.986
5 -20.9
5.09091 -20.8519
5.18182 -20.8352
5.27273 -20.8408
5.36364 -20.8597
5.45455 -20.8827
5.54545 -20.9008
5.63636 -20.9049
5.72727 -20.8859
5.81818 -20.8349
5.90909 -20.7426
6.09091 -20.402
6.18182 -20.1589
6.27273 -19.885
6.36364 -19.5946
6.45455 -19.302
6.54545 -19.0215
6.63636 -18.7674
6.72727 -18.5539
6.81818 -18.3953
6.90909 -18.3059
7 -18.3
7.09091 -18.3861
7.18182 -18.5494
7.27273 -18.7693
7.36364 -19.0254
7.45455 -19.2969
7.54545 -19.5634
7.63636 -19.8042
7.72727 -19.9989
7.81818 -20.1268
7.90909 -20.1673
8.09091 -19.9116
8.18182 -19.6185
8.27273 -19.2446
8.36364 -18.8137
8.45455 -18.3495
8.54545 -17.876
8.63636 -17.4168
8.72727 -16.9958
8.81818 -16.6368
8.90909 -16.3636
9 -16.2
9.09091 -16.1623
9.18182 -16.2366
9.27273 -16.4014
9.36364 -16.6351
9.45455 -16.9164
9.54545 -17.2238
9.63636 -17.5358
9.72727 -17.8308
9.81818 -18.0875
9.90909 -18.2844
10.0909 -18.4179
10.1818 -18.3424
10.2727 -18.1828
10.3636 -17.9485
10.4545 -17.6487
10.5455 -17.2929
10.6364 -16.8904
10.7273 -16.4505
10.8182 -15.9826
10.9091 -15.496
11 -15
