1835
999.9
999.9
999.9
999.9
999.9
999.9
999.9
999.9
9.9
5.2
-8.1
-18.9
999.9
1836
-9.9
-9.3
-1.5
8.5
10.7
15.1
20.6
16.9
999.9
999.9
-5.8
-9.7
999.9
1837
-10.8
-6.9
-3.3
3.7
13.3
17.8
16.4
14.1
10.3
1.9
-5.2
999.9
999.9
1838
-15.5
999.9
-4.9
999.9
16.8
15.6
19.5
17.7
12.8
3.3
-3.7
-6.1
999.9
1839
-5.7
999.9
-8.2
0.8
14.6
16.1
22.6
22.1
14.1
5.4
-4.9
-17.8
999.9
1840
-11.8
-12.4
-6.5
3.5
12.8
17.9
19.3
16.5
11.5
2.6
-3.4
-13
3.1
1841
-12.2
-13.5
-6.1
3.5
12.3
20.6
21.5
19.5
11.7
6.7
-1.3
999.9
999.9
1842
-10.9
-5.6
-4.8
1.3
10.7
15
19.7
16.8
10.6
2.1
-1.3
-6.6
3.9
1843
-5.5
-1.5
-2.8
2.1
9.5
18.8
18.5
16.7
12.3
7.5
-2.4
-5.7
5.6
1844
-9.6
-8.8
-5.1
2.6
15.1
16.1
20.5
18
12.7
3.3
-7.6
-12.2
3.8
1845
-8.7
-14.7
-9.7
-1.1
8.3
12.8
19.2
17.7
12.8
2.9
-2.2
-10
2.3
1846
-11.3
-12.4
-5.4
1.8
999.9
16.1
20.7
16.3
10.4
4.4
-5.3
-11.6
999.9
1847
-13.4
-9.4
-9.7
0.6
10.7
18.9
19
21
18.2
5.4
-1.9
-12.1
3.9
1848
-20.6
-7.2
-3.6
8.6
11.5
18.3
21.1
17.9
14.7
4.3
-2.9
-14
4
1849
-16.7
-7.5
-3.1
2.7
9.9
16.4
22.4
17.4
10.4
4
-2.9
-11.2
3.5
1850
-18.1
-10.6
-5.6
0.1
11.4
18
19.2
20.7
10.3
0.2
-1.7
-6.8
3.1
1851
-11.1
-14.4
-8.9
2.6
11.8
15.8
20
17.7
17.5
4.8
2
-5.9
4.3
1852
-12.4
-10.6
-4.5
0
9.6
17.1
14.9
17.5
11.3
1
-7.6
-7.8
2.4
1853
-9.8
-8.6
-6.8
2.9
10.9
14.4
21.4
18.3
8.6
5.6
-3.7
-10.2
3.6
1854
-17.2
-10.4
-6.3
0.5
999.9
16.9
19
16.8
9.5
6
-1.8
-3.6
999.9
1855
-10.1
-14
-6.2
5.6
16.4
18.1
16.8
999.9
999.9
999.9
999.9
999.9
999.9
1856
-7.9
-11.7
-9.3
0.2
13.2
16.2
18.9
15
10.8
-0.4
-5.1
-6.2
2.8
1857
-8.6
-11.6
-3.7
1.4
10.2
15.3
17.4
999.9
999.9
999.9
999.9
999.9
999.9
1858
999.9
999.9
999.9
999.9
999.9
999.9
999.9
999.9
999.9
999.9
999.9
999.9
999.9
1859
999.9
999.9
999.9
999.9
999.9
999.9
999.9
999.9
999.9
999.9
999.9
999.9
999.9
1860
999.9
999.9
999.9
999.9
999.9
999.9
999.9
999.9
999.9
999.9
999.9
999.9
999.9
1861
999.9
999.9
999.9
999.9
999.9
999.9
999.9
999.9
999.9
999.9
999.9
999.9
999.9
1862
999.9
999.9
999.9
999.9
999.9
999.9
999.9
999.9
999.9
999.9
999.9
999.9
999.9
1863
999.9
999.9
999.9
999.9
999.9
999.9
999.9
999.9
999.9
999.9
999.9
999.9
999.9
1864
999.9
999.9
999.9
999.9
999.9
999.9
999.9
999.9
999.9
999.9
999.9
999.9
999.9
1865
999.9
999.9
999.9
999.9
999.9
999.9
999.9
999.9
999.9
999.9
999.9
999.9
999.9
1866
999.9
999.9
999.9
999.9
999.9
999.9
999.9
999.9
999.9
999.9
999.9
999.9
999.9
1867
999.9
999.9
999.9
999.9
999.9
999.9
999.9
999.9
999.9
999.9
999.9
999.9
999.9
1868
999.9
999.9
999.9
999.9
999.9
999.9
999.9
999.9
999.9
999.9
999.9
999.9
999.9
1869
999.9
999.9
999.9
999.9
999.9
999.9
999.9
999.9
999.9
999.9
999.9
999.9
999.9
1870
999.9
999.9
999.9
999.9
999.9
999.9
999.9
999.9
999.9
999.9
999.9
999.9
999.9
1871
999.9
999.9
999.9
999.9
999.9
999.9
999.9
999.9
999.9
999.9
999.9
999.9
999.9
1872
999.9
999.9
999.9
999.9
999.9
999.9
999.9
999.9
999.9
999.9
999.9
-5.9
999.9
1873
-10.7
-10.6
-6.4
1.3
12.1
20.5
19.5
18
9.2
6.5
-5.6
-7.4
3.9
1874
999.9
-10
-4.1
2.7
11.4
15.8
999.9
999.9
11.8
6.1
-1.8
-4.3
999.9
1875
999.9
999.9
999.9
999.9
999.9
999.9
999.9
999.9
999.9
999.9
999.9
999.9
999.9
1876
999.9
999.9
999.9
999.9
999.9
999.9
20.6
17.2
13.8
2.4
-4.5
-19.6
999.9
1877
-11
-14.8
-3.8
2
12.3
15.2
22.8
16.2
8.5
3
0.6
-9.5
3.5
1878
-12.2
-8.3
-2.3
999.9
999.9
999.9
999.9
999.9
999.9
999.9
999.9
-4.6
999.9
1879
-14.7
-7.6
-6.2
5.2
13.5
15
17.7
15.7
10.5
6.7
-5
-12.9
3.2
1880
999.9
999.9
999.9
999.9
999.9
999.9
999.9
999.9
999.9
999.9
999.9
999.9
999.9
1881
-14.7
-9.8
-5.8
2.6
12.3
15.8
18.8
16.4
9.1
2.9
-4.3
-9.9
2.8
1882
-4.1
-8.1
-1
3
13.3
16.6
21.3
20.7
12.6
0.5
-3
-12.3
5
1883
-16.8
-8.3
-6.1
4.1
15.9
18.1
20.1
15.5
13.9
5.1
-0.1
-5.8
4.6
1884
-9.4
-10.4
-7.1
1.1
9.4
18.1
19
14.2
8.1
6.6
-2.5
-4.3
3.6
1885
-12.1
-7.9
-2.9
1.7
12.7
12.9
999.9
999.9
9.6
4.3
-7.1
-7.7
999.9
1886
-10.2
-14.7
-6.2
5
11
14.5
999.9
15.8
9
1.4
-2.2
-2.8
999.9
1887
-10.3
-7.7
-6.7
3.4
14.9
14.7
999.9
16.7
14.4
3
-3.4
-6.6
999.9
1888
-15
-10.6
-8.5
8.1
11.9
13.2
999.9
999.9
11.9
4.4
-5
-15.3
999.9
1889
-13.1
-11.7
-8.6
5.2
15.5
999.9
999.9
999.9
9.9
6.9
-3.9
-10.2
999.9
1890
-9.5
-7.3
-1.3
6.4
11.5
999.9
999.9
999.9
12.2
2.7
-8.6
-11.5
999.9
1891
-17.7
-7.4
-0.7
4.7
15.1
999.9
999.9
999.9
8.3
3.3
-10.9
-5.8
999.9
1892
-15.4
-8.9
-5.7
2.3
14.1
17.5
19.8
15.9
11
1.9
-4.2
-15
2.8
1893
-19.5
-15.7
-4.1
-0.2
11
15.8
19.6
17.1
11.4
5.8
-3
-7.3
2.6
1894
-10.3
-6.6
-5.7
4.2
14.4
15.5
17.2
19
7.8
1.4
-2.3
-10.3
3.7
1895
-11.2
-12.9
-3
1.2
11.5
17.3
19.9
16.1
9.3
7.6
-4
-10.9
3.4
1896
-16.5
-13.4
-5.7
0.6
11.5
17.2
18.1
19.1
11.8
8.9
-6
-12.6
2.8
1897
-12.8
-12.4
-6.3
4
17.5
17.4
19.1
18.3
12.1
3.5
-4.9
-13.8
3.5
1898
-10.1
-12
-10.4
1.1
16.1
16.9
21.8
19.3
10.5
-0.8
-0.6
-6.1
3.8
1899
-7.2
-11.5
-7.8
4
11.5
13.9
20.4
14.4
12.2
5.4
-0.8
-13.4
3.4
1900
-15.3
-12.3
-3.4
1.9
10.1
14.3
17.5
18.6
9.4
5.3
-5.5
-8.3
2.7
1901
-8.7
-8.7
-3.9
6.4
11.7
20.6
18.4
18.9
9
4.5
-4.7
-12.4
4.3
1902
-10.6
-8.3
-5.5
0.3
12.4
16.5
20.5
16.5
8.2
1.1
-8.3
-13.6
2.4
1903
-9.6
-6.3
-3.5
8.7
12.7
20.3
21.2
17.7
10.9
0.3
-1.8
-9
5.1
1904
-10
-6.5
-5.9
2.9
9.9
13.6
16.4
999.9
999.9
999.9
999.9
-9.6
999.9
1905
-14.5
-7.9
-4.8
4.3
15.8
17.1
17
16.3
11.1
7.2
-1.9
-6.4
4.4
1906
-9.7
-10.2
-2.6
7
18
18.2
22.2
16.2
8.5
2.9
-4
-8.6
4.8
1907
-17.3
-9.9
-3.9
4.4
9
17
21.1
15.6
9.8
5.2
-8.1
-15.1
2.3
1908
-14.5
-10
-7.6
3.7
8.9
15.5
18.1
16
11.2
1.5
-7
-11
2.1
1909
-11.5
-10.4
-6.6
2.2
9.7
16.5
17.3
16.5
15.5
7.9
-2.4
-7.1
4
1910
-9.5
-9.5
-2.6
7.5
12.9
16.6
20.4
15.3
11
1.5
-2.8
-4.9
4.7
1911
-13.6
-15.3
-6.4
4.3
13.1
17.2
18.6
17.3
9.1
2.7
0.5
-7.9
3.3
1912
-16.5
-14.2
-1.5
2.3
10.4
20.3
16
17.3
11.2
-0.9
-2.5
-5.6
3
1913
-10.9
-14
-2
8.1
9
15
18.9
20
12
0.2
0.9
-5.5
4.3
1914
-11.7
-3.8
-3.3
1.1
13.4
16.9
19.9
14
9
1.4
-5.2
-6.1
3.8
1915
-7.9
-5
-7.4
4.2
11.7
14.7
19.5
14.6
11
2.1
-4.1
-12.3
3.4
1916
-7.8
-6
-5.8
4.4
10.4
16.6
18.1
14.3
8.4
3.1
-2.1
-9.6
3.7
1917
-12.8
-18.6
-9.6
6.2
7.6
19.5
20.1
19.3
11.6
6.8
-1
-8.9
3.4
1918
-9.3
-9.2
-7
5
5.6
16.7
18.2
14.6
10.7
7.1
-3.2
-10.2
3.3
1919
-12.5
-12
-8.3
5.2
9.5
17.7
19.8
14.9
13
5
-9.3
-10.2
2.7
1920
999.9
999.9
999.9
999.9
999.9
999.9
999.9
999.9
999.9
999.9
999.9
999.9
999.9
1921
-10.9
-10.5
-1.8
9.7
17.1
20.3
16.2
16.5
9.3
2.3
999.9
-10.4
999.9
1922
999.9
999.9
999.9
999.9
999.9
15.8
18.8
15.9
10.1
1.8
-1.5
-7.6
999.9
1923
-10.6
-14.5
-5.8
-1.2
12.1
16.6
16.3
13.9
12.6
6.8
1.5
-8.5
3.3
1924
-12
-13.2
-7.1
3.5
12.5
17.2
15.9
16
13.3
3.9
-2.6
-9.2
3.2
1925
-7.8
-4.8
-2.3
5
13.1
14.8
20
17.1
10.2
1.9
-3.7
-7.9
4.6
1926
-13.4
-12.9
-6
-0.7
12.1
16.6
15.1
13
10.4
1.9
0.8
-11.6
2.1
1927
-15.1
-10.1
-6.6
3.1
10.1
16.9
18.8
19
11.3
2.5
-3.7
-14.1
2.7
1928
-9.4
-13.3
-8
1
11.6
13.1
16.6
15.2
11.4
3.7
-0.3
-9.4
2.7
1929
-13.4
-20
-8.6
-1.9
14
14.2
18.5
18.1
9
6.9
-0.2
-9.9
2.2
1930
-6.9
-13
-3
5.4
12
12.4
17.2
19.6
8.8
3.9
-2.2
-12.4
3.5
1931
-12.9
-14.9
-5.4
4
12.8
15.7
20.9
17.3
9.8
3.8
-4.9
-9.7
3
1932
-5.9
-16.6
-7.6
4.1
12.7
17
18.2
20.2
11.8
5.2
-2.7
-3.7
4.4
1933
-15.3
-14.2
-5.6
4.9
9.4
16.2
21.2
14.5
12.3
3.9
-5.4
-16.6
2.1
1934
-9.2
-9.4
-5.1
4.1
15
13.8
20.2
17.7
11.4
6.1
0.2
-12
4.4
1935
-11.7
-5.9
-4.4
4.4
9.3
17
16.1
17.1
11.3
7.5
-4.2
-7.9
4.1
1936
-6.4
-13.4
-5.1
3.1
11.1
19.4
21.5
17.7
10.5
1.5
-1
-3.7
4.6
1937
-12.8
-9.2
-2
7.5
9.3
17.2
18.6
17
14.1
6
-1.5
-9.7
4.5
1938
-11.2
-8
-2.7
4.3
12.6
15.8
22.7
20.9
15.5
5.1
0.1
-13.4
5.1
1939
-11.4
-8.2
-4.9
2
10.4
17.8
19.4
17.6
7.8
1.4
-1.1
-8.6
3.5
1940
-21.2
-13.4
-5.9
2.5
11.3
15.5
19.6
19.5
13.8
1
-0.2
-9.5
2.8
1941
-16.2
-12.9
-7.1
0.4
6.7
12.1
20.5
17.5
9.4
1.7
-7
-14.8
0.9
1942
-21.4
-11.7
-9.9
2
12.3
15
18.6
16.5
10.5
5.3
-4.9
-8.5
2
1943
-15.4
-8.8
-3.9
5.7
13.3
16.3
18.6
17.1
10
4.7
-2.3
-5.8
4.1
1944
-5
-7.6
-3.1
2.2
12.5
15.4
17.6
15.1
13.2
4.9
-4.8
-11.4
4.1
1945
-13.3
-12.8
-7.3
2
7.1
15.8
17.1
17.7
10.3
1.8
-5.1
-12.7
1.7
1946
-9.7
-10.1
-6.3
3.1
11.7
19.3
18.5
17.8
10.6
-1.3
-4
-9.9
3.3
1947
-12.1
-15.3
-5.3
4.4
8.9
16.4
17.6
17
12
3.2
-1.8
-6.4
3.2
1948
-10.2
-11.2
-6.7
3.4
15.9
21.7
15.8
16.8
11
3.8
-2.9
-6.6
4.2
1949
-5.1
-9.8
-4.3
3.6
14.7
17.9
17.3
17.4
11.6
3.4
-3.4
-6.5
4.7
1950
-19.8
-9
-3.9
8.7
11.6
15.7
15.4
13.8
12
4.7
-1.1
-6
3.5
1951
-13
-14.4
-3.6
9.7
9.4
18.1
18.4
19.7
12.1
2.1
-7.3
-3.6
4
1952
-6.4
-9.5
-9.3
3.7
10.5
18.3
19.1
16.4
12.3
3.5
-1.9
-8.6
4
1953
-11.6
-17
-4.1
7.1
10.8
19
18.6
18.4
9.1
3.6
-5.6
-7.7
3.4
1954
-16.6
-17.5
-4.9
3.9
13.1
19.1
21.2
17.9
12
5.1
-1.8
-6.1
3.8
1955
-7.7
-8.6
-5.7
1.5
10.7
15.2
17
16.7
13.2
7.5
-4.4
-19.3
3
1956
-12.8
-19.6
-5
4.1
11.9
20.8
15.3
15.5
7.8
3.5
-8.2
-6.2
2.3
1957
-9.6
-4.1
-8.7
4.9
16.3
16
18.4
18.4
14.6
4.3
-3.8
-5.1
5.1
1958
-7.9
-10.2
-6.6
4.3
12.3
14.7
18.2
16
7.7
4.9
-2.1
-9.9
3.5
1959
-6.7
-8.6
-2.3
5.7
11.5
17.2
20.6
16.4
8.1
0.9
-6.3
-11.1
3.8
1960
-10.7
-9.5
-5.5
5.1
10.7
18.1
21.7
16.5
10.1
1.5
-6.6
-2.4
4.1
1961
-8.2
-5.2
-2.1
2.5
11.8
19.8
19.4
16.8
9.2
6.5
-5.2
-9.1
4.7
1962
-6.7
-7
-4.7
7.5
14.5
12.6
17.7
14.2
11.2
4.7
0.4
-8.9
4.6
1963
-18.6
-11
-11.5
3.6
16.5
14.1
18.2
16.8
14.4
4.8
-1.5
-10.7
2.9
1964
-10.9
-11
-7.3
3.1
11.1
17.1
19.8
16.2
11.8
5.2
-3.8
-5.1
3.9
1965
-12.4
-11.9
-3.9
2.1
9.5
16.3
17
15.2
13.3
2.7
-6.1
-2.9
3.2
1966
-11
-12.6
-1.4
8
14.9
16.5
19.7
18.3
9.6
3.8
-2.1
-14.5
4.1
1967
-15.8
-12.4
-1.8
6.5
16
16.1
17.7
19.2
10.4
7.1
-0.5
-10.8
4.3
1968
-16.7
-9.9
-2.8
4
12.7
17.6
15.8
17.2
10.7
1.2
-3.6
-10.4
3
1969
-18.8
-16
-8.2
5.8
8.4
13.8
17.4
16.2
11.3
2.8
-1.1
-11.8
1.7
1970
-12.1
-8.2
-3.7
5.6
11.5
16
19.6
16.2
10.8
4.7
-3.8
-10.8
3.8
1971
-5
-11.7
-6.1
2.9
11.5
16.4
19.1
16.4
11.7
1.4
-0.6
-8.4
4
1972
-18
-9.7
-4.5
5.8
12.6
17.9
22
22.7
9.7
4.8
-2.8
-2.5
4.8
1973
-13.9
-6.3
-3
8.9
13.2
18.6
16.8
16
7.1
2
-3.3
-7.2
4.1
1974
-13.5
-4.2
-1.3
2.6
10.3
16.5
19.7
15.6
13.2
8.2
-0.4
-5.7
5.1
1975
-6.1
-9.9
-0.3
9.9
15.6
17.5
19.4
14.8
13.7
2.5
-4
-6.3
5.6
1976
-13.7
-15.1
-6
5.5
10.7
14.8
16.1
14.9
9.3
-1.8
-3.7
-7
2
1977
-13.4
-9.7
-2.2
6.6
14.9
17.4
19.1
15.9
9.5
0.7
0.4
-10
4.1
1978
-7.9
-10.5
-0.6
3.9
9.6
13.8
16.2
15.3
9.5
2.5
-1.1
-17
2.8
1979
-13.2
-9.7
-2.1
0.4
17.1
14.6
18.1
17.8
10.8
2.4
-2.6
-7.2
3.9
1980
-12.7
-9.1
-7.2
5.5
10.2
17.3
17
13.1
10.2
4.2
-3.3
-5.4
3.3
1981
-6.5
-6.7
-5.7
2.1
12.7
19.5
22.6
19.4
10.5
7.5
-2
-4.9
5.7
1982
-12.5
-10.4
-3
4.5
11.9
13.2
18.6
16.4
12.1
2.3
0.1
-2.9
4.2
1983
-5.8
-8.1
-4.3
9.9
13.5
14.1
18.9
15.5
11.5
4.7
-2.8
-4.5
5.2
1984
-6.3
-12
-3.5
5.5
16.5
17.3
19
14.6
11.9
4.3
-4.8
-11.7
4.2
1985
-10.8
-14.1
-4.2
3.9
12.2
14.3
17.5
19.5
10.3
3.9
-3.7
-8.2
3.4
1986
-8.9
-14.8
-1.6
7.8
12.1
18
17.2
15.9
8.3
3.4
-2.5
-10
3.7
1987
-20.4
-6.9
-5.5
1.9
14.5
19.7
16.7
15.4
9
2.4
-7.1
-9.5
2.5
1988
-10.3
-8.2
-2.4
5.4
13.5
19.4
22.3
17.5
10.1
4.8
-7.2
-9.7
4.6
1989
-5.8
-3.5
-0.9
6.3
12.8
20.9
19.7
16.2
11.3
4.6
-3.3
-6.8
6
1990
-9.6
-1.8
0.2
7.6
9.8
14.5
18.4
15.8
9.3
3.6
-2.2
-5.2
5
1991
-8.9
-8
-3.1
7.8
14.3
19.9
18.3
15.4
10.2
7.1
-1.2
-7.3
5.4
1992
-7.7
-8.8
-0.7
5.5
11.1
16.1
17.8
17.2
13.4
1.9
-3.4
-5.8
4.7
1993
-6.6
-7.8
-4
5.3
13.9
14.7
18.2
15.2
6.5
3.9
-9.8
-6.2
3.6
1994
-5.9
-14.2
-5.1
5.6
9.8
14.7
16.1
14.9
13.6
5
-4.1
-8.9
3.5
1995
-7.4
-2.6
-0.7
9.7
14.8
19.6
18
16.4
13.3
5.8
-3.9
-11.3
6
1996
-12.1
-10.8
-4.1
3.9
15.1
17.4
19
16.3
9.8
4.2
1.9
-8.8
4.3
1997
-12.8
-7.7
-2.6
4.6
11.2
19
18.7
16.6
9.1
3.4
-3.5
-9.9
3.8
1998
-8.4
-12.1
-1.3
1.6
14
20.8
19.5
15.8
10.6
4.9
-8.4
-6.9
4.2
1999
-7.6
-7.1
-3
8.8
8.2
20.1
21
15.8
10.9
6.7
-7.8
-3.8
5.2
2000
-7.9
-4.3
-1.7
10
9.4
16.7
20.8
16.5
10
5.7
-3
-6.8
5.5
2001
-5.6
-8.3
-2.7
9.8
12.4
16.4
22
16.1
12.6
3.2
-1.3
-11.9
5.2
2002
-6.7
-1.7
0.9
6.5
11
16.8
22.5
15.3
11
2.6
-2.4
-15.9
5
2003
-9.4
-10.6
-4.1
4.8
14.1
12.7
20.5
17.5
11.4
5.5
-0.2
-3.7
4.9
2004
-8.4
-9.4
0.1
3.1
12.8
15.3
19.6
18.1
12.4
4.9
-1.9
-6
5.1
2005
-5.3
-10.2
-7.7
6
16.2
16.4
19
18.1
13
6.2
1.3
-5.3
5.6
2006
-13.2
-14
-4.4
5.3
12.9
19.4
17.4
17.5
13
4.9
-2.1
-1.2
4.6
2007
-3.3
-12.9
2.3
5.6
15.4
16.2
19.4
22
11.7
6.1
-3.4
-6.4
6.1
2008
-9.6
-4.1
0.7
9.4
11.5
15.4
19.7
18.1
9.9
8.3
1.8
-3.5
6.5
2009
-8.3
-7.3
-2.1
3.8
14.2
18.4
19.3
16.5
14.4
5.3
-0.4
-9.2
5.4
2010
-15.8
-10.7
-2.8
8
16.9
19.6
25.6
21.6
12.2
3.4
1.1
-9.7
5.8
2011
-10.4
-14.4
-4.1
4.7
14
16.9
22.8
18.8
11.5
6
-2.9
-3.1
5
2012
-8.5
-13.8
-4.3
8.1
15
18
20.6
17.9
12.3
6.7
-0.1
-10.7
5.1
2013
-10
-5.5
-7.4
5.9
15.8
19.9
19.7
18.6
10.8
5.1
2.8
-3.2
6
2014
-10.1
-4.8
0.8
5.8
16.3
16.3
19.6
19.1
12.4
1.6
-2.9
-4.9
5.8
2015
-7.2
-3.9
0
4.5
15.7
18.8
17.6
16
14.7
2.6
-1
-2.2
6.3
2016
-11.3
-1.7
-0.8
7.6
15
17.6
21.1
20.6
10.1
4
-4.1
-8
5.8
2017
-10.8
-6.5
0.9
5
10.5
14.2
18.3
18.7
12.2
4.5
-1
-1.9
5.3
2018
-7.2
-10
-7.4
6.1
14.9
16.4
21
19.3
13.7
6.2
-2.2
-7.3
5.3
2019
-9
-4.5
-0.5
6.6
16
18.8
16.7
15
999.9
999.9
999.9
999.9
999.9
